1 1.703
2 2.407
3 2.327
4 3.747
5 5.145
6 6.472
7 7.341
8 6.881
9 7.97
10 8.954
11 10.951
12 12.122
13 13.161
14 14.393
15 15.029
16 16.114
17 17.101
18 18.74
19 20.119
20 22.153
21 23.43
22 25.182
23 28.133
24 33.04
25 37.669
26 36.758
27 38.875
28 40.839
29 41.68
30 45.261
31 44.055
32 41.321
33 41.105
34 42.57
35 43.783
36 45.439
37 46.842
38 49.077
39 51.626
40 52.619
41 53.749
42 58.133
43 57.702
44 60.691
45 63.119
46 67.827
47 71.31
48 77.913
49 74.415
50 75.536
51 75.957
52 76.836
53 74.689
54 78.135
55 85.388
56 82.1
57 87.798
58 93.991
59 88.784
60 86.269
61 90.374
62 91.593
63 99.078
64 94.733
65 101.099
66 94.819
67 115.298
68 144.055
69 100.216
70 101.589
71 102.938
72 105.61
73 107.652
74 108.069
75 110.202
76 112.466
77 112.813
78 115.323
79 116.095
80 118.787
81 119.591
82 122.153
83 123.514
84 125.986
85 127.28
86 129.836
87 131.184
88 134.341
89 137.069
90 137.919
91 139.846
92 140.925
93 142.679
94 143.722
95 146.046
96 146.54
97 148.12
98 149.921
99 151.083
100 154.208
101 154.91
102 156.544
103 157.407
104 160.567
105 161.996
106 181.506
107 194.026
108 169.671
109 170.718
110 172.691
111 195.2
112 177.471
113 178.737
114 181.48
115 184.247
116 186.176
117 188.257
118 189.379
119 189.815
120 191.682
121 192.785
122 195.273
123 197.015
124 198.682
125 201.547
126 202.124
127 205.993
128 207.398
