1 1.351
2 2.343
3 1.955
4 3.295
5 4.124
6 5.225
7 6.364
8 8.012
9 9.34
10 10.66
11 11.451
12 13.225
13 14.47
14 15.924
15 16.606
16 18.711
17 20.239
18 21.684
19 22.629
20 24.626
21 25.269
22 27.138
23 26.924
24 28.767
25 30.574
26 32.492
27 33.792
28 35.974
29 36.836
30 37.799
31 39.292
32 40.783
33 43.211
34 43.768
35 45.438
36 46.546
37 47.842
38 50.06
39 50.687
40 52.536
41 53.756
42 56.906
43 57.25
44 59.144
45 59.744
46 61.69
47 63.633
48 67.436
49 67.963
50 69.341
51 69.938
52 71.608
53 73.753
54 75.631
55 77.078
56 78.196
57 79.54
58 82.293
59 82.778
60 83.404
61 85.871
62 87.994
63 90.077
64 102.175
65 109.417
66 116.21
67 122.454
68 118.945
69 105.196
70 101.153
71 103.46
72 106.117
73 107.982
74 109.877
75 112.704
76 117.708
77 124.592
78 128.839
79 133.505
80 130.03
81 131.797
82 130.098
83 127.384
84 129.942
85 133.107
86 172.46
87 182
88 150.763
89 134.797
90 136.217
91 138.036
92 140.15
93 141.922
94 143.895
95 144.437
96 146.893
97 147.501
98 149.659
99 150.885
100 153.903
101 158.847
102 157.022
103 158.193
104 160.849
105 161.882
106 164.995
107 166.851
108 168.502
109 169.799
110 171.638
111 174.752
112 177.039
113 178.662
114 182.207
115 184.517
116 185.438
117 187.57
118 190.167
119 191.743
120 191.663
121 193.763
122 195.958
123 198.742
124 200.285
125 201.628
126 242.556
127 205.222
128 208.042
