1 2.174
2 2.316
3 1.969
4 3.033
5 4.068
6 4.725
7 5.792
8 7.049
9 7.983
10 9.489
11 10.584
12 11.441
13 12.52
14 14.005
15 14.948
16 16.805
17 17.654
18 19.516
19 20.165
20 21.954
21 22.694
22 24.325
23 25.573
24 27.15
25 28.487
26 30.401
27 31.882
28 32.938
29 34.507
30 36.227
31 38.303
32 40.192
33 40.67
34 42.933
35 44
36 46.788
37 47.8
38 49.272
39 51.669
40 52.674
41 54.501
42 56.19
43 57.464
44 58.57
45 60.897
46 61.267
47 63.656
48 64.503
49 66.306
50 67.709
51 69.426
52 70.517
53 72.762
54 74.762
55 75.536
56 77.576
57 78.411
58 81.144
59 82.573
60 83.071
61 85.238
62 86.738
63 89.921
64 91.434
65 121.479
66 95.561
67 96.709
68 99.008
69 98.96
70 100.802
71 102.901
72 106.001
73 107.869
74 108.089
75 109.63
76 113.732
77 114.128
78 114.999
79 153.8
80 119.746
81 120.046
82 122.412
83 124.87
84 126.368
85 127.913
86 130.074
87 132.084
88 134.284
89 136.409
90 136.558
91 139.342
92 141.074
93 143.05
94 143.957
95 145.878
96 147.191
97 148.548
98 150.678
99 152.492
100 154.657
101 155.668
102 157.526
103 158.843
104 160.288
105 161.702
106 177.198
107 166.022
108 169.593
109 171.279
110 173.744
111 175.56
112 176.589
113 179.002
114 181.161
115 182.323
116 185.711
117 187.355
118 190.434
119 191.454
120 191.534
121 193.312
122 195.101
123 197.767
124 199.796
125 202.648
126 202.836
127 205.57
128 207.683
