1 1.516
2 1.232
3 1.946
4 2.469
5 3.162
6 3.83
7 4.605
8 5.347
9 6.325
10 7.229
11 8.048
12 8.867
13 9.728
14 10.595
15 11.233
16 12.183
17 13.436
18 17.098
19 18.065
20 19.579
21 17.063
22 16.485
23 16.523
24 17.452
25 18.295
26 20.124
27 25.512
28 22.362
29 23.279
30 24.024
31 29.174
32 27.245
33 26.998
34 28.009
35 29.195
36 30.376
37 31.344
38 32.459
39 33.492
40 34.456
41 35.458
42 36.482
43 37.238
44 38.626
45 39.595
46 40.7
47 41.688
48 42.56
49 43.725
50 44.816
51 46.177
52 47.306
53 48.07
54 69.387
55 53.634
56 51.512
57 52.754
58 53.744
59 54.754
60 62.932
61 56.828
62 57.997
63 59.533
64 60.8
65 61.408
66 59.435
67 60.065
68 61.37
69 62.617
70 63.87
71 64.719
72 65.851
73 66.613
74 67.471
75 68.534
76 70.158
77 71.111
78 71.783
79 72.662
80 74.113
81 74.943
82 76.357
83 77.417
84 77.923
85 79.109
86 80.858
87 81.018
88 85.58
89 87.907
90 89.078
91 90.696
92 92.047
93 93.348
94 94.325
95 94.941
96 96.021
97 97.377
98 104.492
99 99.773
100 100.927
101 102.038
102 98.826
103 79.9
104 80.875
105 81.479
106 82.472
107 82.598
108 80.13
109 80.688
110 82.713
111 86.509
112 83.169
113 84.32
114 89.619
115 90.937
116 87.037
117 88.199
118 93.822
119 94.235
120 95.28
121 96.146
122 103.11
123 111.741
124 105.571
125 100.04
126 102.442
127 102.692
128 102.299
