1 2.391
2 1.586
3 1.629
4 2.119
5 2.587
6 3.153
7 3.566
8 4.202
9 4.764
10 5.506
11 6.13
12 6.731
13 7.25
14 7.937
15 8.457
16 9.243
17 11.583
18 12.482
19 13.019
20 14.228
21 15.081
22 16.198
23 17.042
24 18.441
25 19.863
26 20.996
27 22.505
28 24.142
29 25.216
30 26.611
31 27.874
32 29.659
33 30.933
34 32.297
35 33.775
36 35.576
37 36.993
38 38.405
39 40.132
40 41.674
41 43.09
42 44.597
43 47.197
44 53.837
45 58.274
46 54.864
47 52.065
48 53.472
49 55.182
50 56.882
51 58.046
52 59.935
53 61.34
54 63.229
55 64.646
56 66.433
57 67.75
58 67.918
59 67.17
60 68.209
61 73.835
62 75.727
63 77.744
64 79.263
65 80.83
66 82.014
67 83.16
68 85.345
69 86.821
70 88.685
71 90.144
72 92.21
73 93.674
74 93.764
75 95.115
76 96.852
77 128.923
78 101.349
79 102.807
80 103.264
81 114.559
82 122.554
83 128.105
84 113.781
85 114.902
86 118.584
87 115.079
88 117.052
89 118.298
90 119.82
91 122.936
92 124.118
93 125.939
94 127.53
95 128.6
96 130.241
97 131.926
98 127.986
99 127.537
100 129.944
101 131.057
102 133.223
103 142.66
104 143.682
105 145.735
106 147.069
107 148.783
108 150.625
109 152.134
110 153.478
111 155.342
112 157.393
113 158.712
114 160.496
115 163.572
116 159.458
117 158.288
118 159.949
119 179.461
120 184.92
121 185.633
122 178.015
123 184.36
124 171.954
125 173.46
126 181.469
127 180.794
128 174.972
