1 2.417
2 1.595
3 1.775
4 2.398
5 3.07
6 5.889
7 5.908
8 6.671
9 6.69
10 7.868
11 8.886
12 10.217
13 11.449
14 12.746
15 14.099
16 15.242
17 16.603
18 17.891
19 18.832
20 20.165
21 21.141
22 21.955
23 23.076
24 24.329
25 25.36
26 26.856
27 28.604
28 29.966
29 31.716
30 32.671
31 34.054
32 35.566
33 36.899
34 47.456
35 40.185
36 41.874
37 43.027
38 44.388
39 47.173
40 54.401
41 48.872
42 50.242
43 54.315
44 66.242
45 62.787
46 56.333
47 64.07
48 59.33
49 67.303
50 62.788
51 64.381
52 65.556
53 86.766
54 70.761
55 70.238
56 71.679
57 73.169
58 75.479
59 76.536
60 78.332
61 79.86
62 81.428
63 83.322
64 85.217
65 86.887
66 88.264
67 89.366
68 98.208
69 109.158
70 103.467
71 104.937
72 98.011
73 99.371
74 100.911
75 102.392
76 104.472
77 102.162
78 101.102
79 102.897
80 104.329
81 112.264
82 113.633
83 114.817
84 113.806
85 112.401
86 113.209
87 114.508
88 116.418
89 117.964
90 119.744
91 121.695
92 123.12
93 127.269
94 150.77
95 134.692
96 133.715
97 138.931
98 94.873
99 95.485
100 93.894
101 94.798
102 101.492
103 96.997
104 98.495
105 99.152
106 106.018
107 107.057
108 108.257
109 109.682
110 110.492
111 112.042
112 109.824
113 113.426
114 113.371
115 117.468
116 118.334
117 119.759
118 115.042
119 119.691
120 120.675
121 117.617
122 118.643
123 118.965
124 120.507
125 121.784
126 122.691
127 126.03
128 124.857
