1 1.25
2 3.358
3 2.333
4 3.358
5 4.268
6 6.063
7 6.816
8 8.847
9 9.637
10 9.966
11 11.713
12 13.667
13 15.203
14 15.792
15 16.906
16 18.227
17 20.038
18 22.18
19 23.096
20 23.317
21 24.303
22 26.703
23 27.764
24 29.152
25 30.566
26 32.87
27 34.81
28 35.411
29 35.992
30 38.596
31 38.368
32 39.895
33 41.259
34 43.598
35 44.352
36 47.929
37 48.998
38 50.635
39 49.58
40 52.509
41 53.74
42 54.789
43 55.969
44 58.143
45 59.685
46 62.619
47 63.947
48 64.31
49 66.213
50 68.14
51 68.94
52 70.536
53 70.71
54 75.181
55 75.278
56 78.658
57 79.193
58 79.262
59 81.36
60 84.916
61 85.865
62 86.827
63 87.154
64 88.459
65 102.988
66 93.275
67 94.651
68 95.058
69 97.147
70 97.887
71 99.637
72 104.925
73 105.894
74 105.816
75 105.823
76 109.068
77 111.622
78 111.469
79 109.429
80 114.515
81 115.477
82 115.869
83 129.79
84 149.677
85 156.319
86 125.449
87 128.124
88 133.908
89 128.945
90 128.282
91 130.336
92 144.441
93 151.594
94 153.804
95 147.269
96 139.587
97 141.911
98 143.333
99 144.859
100 145.531
101 148.734
102 182.421
103 186.84
104 154.564
105 162.761
106 157.09
107 167.156
108 162.928
109 164.278
110 163.363
111 167.18
112 167.717
113 170.307
114 197.865
115 171.978
116 173.438
117 176.6
118 180.543
119 176.231
120 179.613
121 183.039
122 184.178
123 187.434
124 187.951
125 190.282
126 192.888
127 191.15
128 192.993
