1 1.286
2 10.614
3 2.664
4 3.527
5 4.341
6 5.406
7 6.369
8 7.514
9 8.12
10 8.912
11 10.364
12 11.601
13 12.414
14 13.723
15 14.685
16 15.621
17 17.597
18 18.833
19 20.153
20 21.285
21 21.903
22 22.766
23 25.066
24 26.757
25 28.09
26 29.174
27 30.926
28 32.807
29 34.577
30 35.061
31 36.132
32 36.467
33 37.416
34 40.943
35 42.013
36 44.016
37 45.892
38 44.943
39 46.274
40 49.866
41 50.959
42 52.666
43 53.728
44 54.086
45 55.767
46 59.035
47 60.96
48 60.933
49 60.474
50 63.522
51 63.978
52 65.793
53 67.235
54 70.251
55 71.057
56 74.132
57 95.216
58 81.237
59 77.938
60 81.467
61 82.238
62 83.153
63 120.389
64 85.712
65 86.532
66 89.57
67 90.901
68 92.887
69 94.798
70 95.922
71 96.491
72 100.274
73 101.699
74 101.678
75 102.409
76 103.756
77 105.687
78 105.723
79 104.602
80 108.206
81 112.352
82 112.197
83 114.98
84 118.21
85 118.771
86 121.564
87 121.185
88 122.022
89 124.149
90 125.221
91 126.382
92 132.796
93 133.405
94 134.874
95 155.427
96 136.45
97 136.776
98 138.963
99 142.184
100 140.929
101 143.472
102 146.524
103 147.437
104 151.991
105 152.138
106 151.147
107 152.506
108 158.951
109 159.163
110 158.747
111 161.681
112 164.293
113 166.021
114 166.847
115 169.313
116 171.979
117 173.982
118 170.978
119 172.625
120 177.151
121 179.34
122 182.546
123 183.239
124 184.168
125 187.281
126 189.443
127 189.122
128 189.538
