1 1.187
2 3.674
3 3.071
4 3.955
5 5.438
6 6.75
7 7.866
8 8.765
9 10.265
10 11.853
11 13.266
12 14.384
13 15.5
14 17.025
15 17.391
16 18.852
17 20.478
18 21.553
19 23.794
20 25.584
21 26.141
22 28.213
23 28.987
24 30.639
25 31.129
26 33.291
27 35.79
28 36.263
29 37.198
30 38.385
31 38.524
32 39.464
33 40.92
34 43.963
35 44.804
36 46.987
37 48.107
38 50.685
39 51.238
40 53.918
41 55.314
42 57.186
43 59.552
44 59.842
45 62.264
46 63.858
47 64.13
48 65.001
49 65.704
50 69.171
51 69.994
52 70.866
53 72.417
54 75.869
55 76.953
56 79.361
57 80.828
58 80.611
59 82.51
60 84.097
61 86.266
62 87.729
63 87.479
64 88.62
65 90.267
66 93.481
67 94.815
68 96.019
69 97.549
70 98.639
71 99.986
72 102.931
73 105.092
74 105.363
75 105.344
76 109.791
77 111.258
78 111.357
79 109.114
80 115.378
81 116.777
82 116.964
83 121.699
84 123.5
85 122.884
86 125.666
87 124.814
88 127.462
89 129.324
90 138.331
91 168.152
92 140.709
93 137.591
94 138.393
95 184.879
96 153.032
97 164.622
98 144.57
99 147.525
100 147.435
101 149.798
102 151.061
103 153.794
104 155.868
105 157.309
106 156.95
107 188.272
108 164.721
109 164.553
110 163.62
111 167.77
112 168.775
113 205.641
114 187.748
115 173.974
116 181.961
117 196.525
118 175.171
119 177.203
120 180.84
121 184.272
122 185.561
123 186.134
124 187.805
125 192.361
126 192.114
127 192.953
128 193.937
