1 1.157
2 1.805
3 1.444
4 2.135
5 3.182
6 3.804
7 4.091
8 7.068
9 7.176
10 8.715
11 8.742
12 8.761
13 11.641
14 11.826
15 14.489
16 15.964
17 19.733
18 20.128
19 20.772
20 18.437
21 20.326
22 19.454
23 20.318
24 24.202
25 27.691
26 35.2
27 35.654
28 26.957
29 26.68
30 26.568
31 35.807
32 44.346
33 34.185
34 166.1
35 44.562
36 42.32
37 42.091
38 50.23
39 49.981
40 47.251
41 50.06
42 42.026
43 40.34
44 64.4
45 43.079
46 50.215
47 42.536
48 41.942
49 42.584
50 46.265
51 46.883
52 51.32
53 47.733
54 45.336
55 47.16
56 48.558
57 47.568
58 50.973
59 51.051
60 52.181
61 49.974
62 54.515
63 50.675
64 53.755
65 58.78
66 56.87
67 55.299
68 60.642
69 60.011
70 79.75
71 81.913
72 58.749
73 60.44
74 61.22
75 61.786
76 64.018
77 68.334
78 77.033
79 83.183
80 69.964
81 73.22
82 72.524
83 84.389
84 87.821
85 82.678
86 71.484
87 71.912
88 82.019
89 82.942
90 80.038
91 94.871
92 87.662
93 84.609
94 84.72
95 99.341
96 90.481
97 89.299
98 81.522
99 81.608
100 91.158
101 92.192
102 83.317
103 88.595
104 104.551
105 107.865
106 99.745
107 96.37
108 101.218
109 110.056
110 100.794
111 90.652
112 105.176
113 102.798
114 106.593
115 111.507
116 94.85
117 96.256
118 110.6
119 112.952
120 99.811
121 108.644
122 105.521
123 111.134
124 108.166
125 111.789
126 108.405
127 103.148
128 105.46
