1 1.236
2 2.291
3 1.601
4 2.497
5 3.215
6 3.849
7 3.964
8 5.055
9 5.73
10 6.794
11 7.708
12 8.321
13 8.45
14 8.946
15 9.556
16 10.526
17 11.69
18 13.006
19 14.2
20 15.428
21 15.412
22 18.268
23 19.292
24 22.598
25 23.557
26 23.41
27 27.063
28 29.818
29 31.15
30 38.317
31 39.579
32 37.715
33 41.665
34 43.429
35 41.145
36 42.435
37 42.63
38 46.568
39 41.816
40 48.597
41 58.65
42 42.876
43 41.83
44 52.283
45 43.222
46 50.792
47 41.531
48 43.333
49 43.256
50 45.542
51 47.843
52 54.57
53 51.803
54 50.601
55 51.896
56 55.923
57 53.506
58 59.229
59 102.295
60 72.939
61 57.787
62 54.597
63 55.492
64 57.42
65 61.65
66 58.613
67 58.473
68 59.647
69 60.01
70 65.077
71 69.146
72 62.848
73 63.099
74 66.317
75 63.059
76 68.737
77 72.218
78 77.012
79 82.887
80 82.142
81 81.316
82 84.733
83 79.351
84 85.489
85 88.247
86 71.885
87 71.073
88 86.703
89 87.813
90 84.486
91 99.083
92 92.368
93 88.781
94 89.824
95 99.887
96 95.036
97 90.094
98 78.018
99 82.42
100 90.931
101 95.667
102 85.992
103 88.077
104 105.809
105 106.466
106 91.258
107 95.692
108 109.251
109 116.663
110 101.739
111 92.661
112 113.224
113 123.472
114 108.627
115 114.654
116 100.701
117 96.496
118 108.83
119 112.669
120 105.645
121 117.08
122 120.554
123 128.758
124 118.34
125 112.365
126 109.936
127 104.597
128 104.341
