1 1.618
2 2.147
3 1.518
4 2.139
5 3.114
6 3.289
7 3.673
8 4.583
9 5.592
10 6.442
11 7.445
12 7.821
13 8.327
14 8.805
15 9.532
16 10.229
17 15.1
18 17.336
19 16.811
20 18.19
21 18.644
22 20.362
23 21.616
24 23.084
25 23.423
26 25.479
27 26.292
28 28.839
29 28.304
30 33.193
31 32.56
32 40.263
33 35.426
34 39.563
35 46.344
36 45.587
37 41.988
38 50.35
39 42.665
40 44.671
41 53.788
42 42.391
43 39.582
44 62.205
45 42.995
46 49.758
47 42.124
48 42.981
49 43.873
50 46.031
51 46.776
52 50.305
53 48.38
54 47.393
55 46.833
56 48.78
57 53.013
58 51.02
59 52.03
60 55.619
61 51.954
62 56.181
63 55.122
64 52.872
65 58.064
66 58.196
67 58.865
68 60.082
69 57.271
70 61.297
71 64.537
72 59.175
73 59.66
74 62.053
75 61.25
76 62.838
77 65.229
78 79.003
79 77.141
80 71.4
81 72.476
82 77.405
83 77.097
84 85.843
85 87.535
86 71.371
87 71.603
88 86.754
89 88.413
90 85.224
91 94.619
92 92.675
93 89.181
94 90.196
95 96.8
96 94.958
97 86.293
98 79.209
99 81.769
100 89.405
101 89.659
102 82.938
103 87.189
104 96.526
105 114.278
106 88.271
107 91.105
108 106.337
109 111.044
110 98.92
111 89.303
112 107.69
113 105.549
114 107.865
115 108.548
116 94.31
117 101.142
118 125.572
119 108.579
120 108.812
121 119.065
122 108.649
123 103.473
124 106.43
125 102.13
126 108.485
127 102.944
128 104.422
