16 9.775
64 44.277
144 118.269
256 229.445
400 383.632
576 489.22
784 668.922
1024 900.835
1296 1207.02
1600 1503.07
1936 1976.27
2304 2248.21
2704 2842.57
3136 3150.47
3600 3720.48
4096 4212.71
4624 5057.26
5184 5655.38
5776 6354.12
6400 7190.12
7056 7825.01
7744 8887.53
8464 9549.84
9216 10732.2
10000 12234.2
10816 12616.8
11664 13755.1
12544 15237.8
13456 16614.4
14400 18097.3
15376 18916
16384 20559.7
17424 21618.6
18496 22986.8
19600 24767.1
20736 26299.9
21904 28171.4
23104 29785.7
24336 31443.8
25600 33170.2
26896 35204.8
28224 37051.1
29584 39191.4
30976 41235.5
32400 42981.5
33856 45405.5
35344 48683
36864 50121.8
38416 52106.2
40000 53976.7
41616 56197.1
43264 59452.4
44944 61646.3
46656 67825.9
48400 66905.6
50176 69546.3
51984 73162.4
53824 75492.6
55696 81162.1
57600 82238.1
59536 84726.3
61504 86528.6
63504 90965.9
65536 93907.5
67600 95589.8
69696 99254
71824 103072
73984 107420
76176 110749
78400 114218
80656 118896
82944 120667
85264 124498
87616 130203
90000 134960
92416 138871
94864 141346
97344 147825
99856 147953
102400 154323
104976 158878
107584 160741
110224 167986
112896 170587
115600 175763
118336 180464
121104 187585
123904 190570
126736 194021
129600 201379
132496 208931
135424 214980
138384 215553
141376 221379
144400 225567
147456 233716
150544 237219
153664 243271
156816 244851
160000 253205
163216 261349
166464 268996
169744 266857
173056 275767
176400 280091
179776 284529
183184 293702
186624 299059
190096 305814
193600 316111
197136 323327
200704 324877
204304 336147
207936 340919
211600 352601
215296 349846
219024 360464
222784 367978
226576 378107
230400 380542
234256 385285
238144 396498
242064 406893
246016 406743
250000 421476
254016 426606
258064 438340
262144 467519
