16 7.784
64 35.765
144 92.764
256 179.474
400 309.577
576 457.939
784 651.317
1024 906.628
1296 1248.66
1600 1524.69
1936 1833.42
2304 2214.35
2704 2611.58
3136 3156.59
3600 3633.17
4096 4303.42
4624 4742.75
5184 5427.82
5776 6233.39
6400 6907.05
7056 8353.93
7744 9543.2
8464 9768.06
9216 10223.2
10000 11836.9
10816 12375.4
11664 13473.6
12544 14599.5
13456 15807.7
14400 17138.3
15376 18372.9
16384 19462.3
17424 20839.7
18496 22230
19600 24123.7
20736 25172.4
21904 27933.7
23104 28958.5
24336 30609.9
25600 31933.5
26896 33575.2
28224 35635
29584 37892.5
30976 39851.1
32400 41603.3
33856 43617.3
35344 47610.7
36864 48871.2
38416 50355.6
40000 53163.8
41616 61372.6
43264 60218
44944 59568.7
46656 65190.9
48400 70349.9
50176 74660.2
51984 75355.3
53824 81697.1
55696 76582.4
57600 85610.3
59536 89423
61504 89688.5
63504 87648.9
65536 90491.8
67600 93010.9
69696 100412
71824 104793
73984 109278
76176 111214
78400 112230
80656 121186
82944 124732
85264 131243
87616 129123
90000 130941
92416 137713
94864 141589
97344 145896
99856 153364
102400 160561
104976 165703
107584 168182
110224 170318
112896 175666
115600 184405
118336 189743
121104 195034
123904 196770
126736 199266
129600 205503
132496 211716
135424 214880
138384 221309
141376 226628
144400 234902
147456 238761
150544 244208
153664 250530
156816 256755
160000 260556
163216 267958
166464 272116
169744 278876
173056 290721
176400 288450
179776 296545
183184 300905
186624 303628
190096 310532
193600 333218
197136 346182
200704 343403
204304 343842
207936 350957
211600 352384
215296 385976
219024 372363
222784 342222
226576 348102
230400 351311
234256 351606
238144 356445
242064 361934
246016 371004
250000 378300
254016 384463
258064 391118
262144 399250
