16 8.788
64 38.804
144 98.893
256 191.018
400 329.118
576 481.403
784 679.634
1024 916.328
1296 1188.5
1600 1505.01
1936 1872.66
2304 2258.41
2704 2971.74
3136 3329.61
3600 3768.98
4096 4282.34
4624 5077.92
5184 5846.23
5776 6314.35
6400 7371.37
7056 7934.44
7744 8857.54
8464 9615.57
9216 11039.7
10000 11796.6
10816 12599.7
11664 14265
12544 15114.8
13456 17703.4
14400 18142.2
15376 18837.7
16384 20841.6
17424 21694.3
18496 23014.1
19600 25411
20736 28162.2
21904 29478.3
23104 29595.1
24336 32336.5
25600 34892
26896 36779.4
28224 39505.2
29584 40333.8
30976 44197.4
32400 43455
33856 45191
35344 48127.5
36864 49993.9
38416 52198.5
40000 54036.8
41616 56285.8
43264 58348.3
44944 60662.4
46656 63748.1
48400 65429.8
50176 69846.3
51984 71913.7
53824 74976.4
55696 76346
57600 80205.3
59536 83194.4
61504 85573.5
63504 90146.6
65536 92528.2
67600 95206.4
69696 98669.5
71824 102694
73984 104696
76176 110998
78400 111719
80656 115240
82944 121450
85264 123270
87616 127646
90000 129892
92416 135508
94864 137315
97344 143233
99856 144710
102400 148659
104976 152698
107584 157441
110224 162001
112896 165477
115600 170459
118336 174393
121104 180728
123904 184736
126736 191646
129600 191561
132496 198739
135424 204949
138384 206177
141376 221004
144400 220774
147456 232580
150544 238600
153664 250558
156816 256561
160000 260173
163216 269729
166464 257359
169744 262756
173056 266209
176400 280352
179776 284487
183184 293975
186624 292470
190096 294460
193600 302722
197136 313177
200704 315096
204304 315711
207936 317912
211600 327251
215296 335301
219024 341801
222784 349184
226576 351290
230400 359830
234256 372363
238144 396077
242064 380069
246016 384232
250000 389081
254016 397123
258064 419693
262144 405580
