16 7.045
64 23.731
144 59.471
256 111.657
400 192.195
576 289.146
784 415.841
1024 512.538
1296 597.605
1600 772.434
1936 927.671
2304 1139.43
2704 1357.2
3136 1613.3
3600 1911.96
4096 2147.41
4624 2471.21
5184 2812.48
5776 3171.51
6400 3563.16
7056 3947.82
7744 4396.51
8464 4814.09
9216 5344.81
10000 5826.44
10816 6520.06
11664 7061.02
12544 7544.68
13456 8132.5
14400 8709.13
15376 9370.32
16384 9982.26
17424 10787.4
18496 11457.3
19600 12271.1
20736 13070.4
21904 14027.7
23104 14741.7
24336 15572.2
25600 16477.5
26896 17550.2
28224 18330.9
29584 19489.4
30976 20290.3
32400 21318.2
33856 22282.4
35344 23371.7
36864 24709.4
38416 25548.2
40000 26730.8
41616 28154.7
43264 29206.7
44944 30503.2
46656 31718.9
48400 33194.2
50176 34309
51984 35634.9
53824 37107.5
55696 38308.3
57600 39895.2
59536 41139
61504 42678.9
63504 44251.4
65536 45589.2
67600 47400.5
69696 48830.9
71824 50769.2
73984 52208.7
76176 54112.1
78400 55568.5
80656 57665.5
82944 59394.5
85264 62115.8
87616 65076
90000 68073.5
92416 69827.6
94864 71935.9
97344 73866.9
99856 75632.4
102400 77680.5
104976 79867.2
107584 81973.5
110224 86773.6
112896 93129.8
115600 88890.1
118336 91540.3
121104 92748.4
123904 94960.3
126736 97891.9
129600 99495.9
132496 101944
135424 104407
138384 102496
141376 105061
144400 107507
147456 115140
150544 126342
153664 119820
156816 119110
160000 130597
163216 139544
166464 136424
169744 141186
173056 145973
176400 155336
179776 162781
183184 161612
186624 161678
190096 163516
193600 167054
197136 171649
200704 173466
204304 180688
207936 184424
211600 189599
215296 202054
219024 205210
222784 206712
226576 210359
230400 211652
234256 222504
238144 222636
242064 229723
246016 234217
250000 248397
254016 245996
258064 246330
262144 252075
