16 9.628
64 35.422
144 82.271
256 150.904
400 244.217
576 382.182
784 511.552
1024 676.295
1296 886.768
1600 1125.97
1936 1438.73
2304 1709.34
2704 2070.23
3136 2467.06
3600 2955
4096 3456.3
4624 3933.82
5184 4465.14
5776 5118.1
6400 5813.66
7056 6549.98
7744 7705.74
8464 8816.32
9216 9600.39
10000 11110.8
10816 13381.8
11664 15125.7
12544 16990.4
13456 18929.9
14400 20951.2
15376 23764.7
16384 25727.1
17424 27197.7
18496 29594.4
19600 32495.6
20736 37440.3
21904 39224
23104 42856.2
24336 46645.6
25600 50841.7
26896 56180.3
28224 59500.7
29584 65535.1
30976 70945.7
32400 74884.9
33856 77674.9
35344 86919.7
36864 93225.9
38416 101831
40000 108306
41616 116473
43264 124276
44944 132913
46656 144295
48400 152232
50176 163255
51984 173381
53824 185692
55696 197185
57600 212070
59536 225313
61504 239039
63504 256685
65536 272983
67600 285498
69696 308815
71824 330527
73984 347352
76176 373567
78400 400237
80656 423150
82944 450477
85264 479481
87616 510491
90000 542206
92416 574646
94864 608270
97344 644299
99856 678257
102400 721637
104976 761353
107584 801358
110224 847186
112896 890041
115600 945003
118336 990298
121104 1.0331e+06
123904 1.09592e+06
126736 1.13377e+06
129600 1.20418e+06
132496 1.26237e+06
135424 1.31856e+06
138384 1.38621e+06
141376 1.45759e+06
144400 1.5224e+06
147456 1.57981e+06
150544 1.66952e+06
153664 1.73732e+06
156816 1.81496e+06
160000 1.89847e+06
163216 2.08862e+06
166464 2.32089e+06
169744 2.63835e+06
173056 2.82858e+06
176400 2.57183e+06
179776 2.4843e+06
183184 2.56761e+06
186624 2.65606e+06
190096 2.78239e+06
193600 2.85047e+06
197136 2.96991e+06
200704 3.26391e+06
204304 3.50605e+06
207936 3.62358e+06
211600 3.75032e+06
215296 3.87494e+06
219024 4.04983e+06
222784 3.95541e+06
226576 4.08982e+06
230400 4.15032e+06
234256 4.33111e+06
238144 4.44312e+06
242064 4.6367e+06
246016 4.69602e+06
250000 4.82503e+06
254016 4.93316e+06
258064 5.13452e+06
262144 5.2634e+06
