16 9.499
64 37.949
144 97.783
256 206.841
400 341.774
576 477.182
784 658.151
1024 915.639
1296 1143.85
1600 1379.26
1936 1738.36
2304 2367.58
2704 2664.59
3136 3008.21
3600 3561.03
4096 3899.74
4624 4933.05
5184 5355.65
5776 5866.57
6400 7419.19
7056 7607.36
7744 9093.53
8464 9433.73
9216 11759.3
10000 12475
10816 13652.8
11664 14311.7
12544 15679.4
13456 17172.8
14400 19533.5
15376 21039.7
16384 22789.7
17424 27740.1
18496 29360.8
19600 31817.6
20736 36129.5
21904 35989.7
23104 37962.2
24336 43231.1
25600 45664.8
26896 50991.1
28224 56860.1
29584 59080.8
30976 64249.1
32400 67579.7
33856 75565.5
35344 77457.2
36864 87277.3
38416 86683.4
40000 90451.7
41616 99575.5
43264 105872
44944 113012
46656 128757
48400 133019
50176 135875
51984 149248
53824 149702
55696 161576
57600 173303
59536 180488
61504 190897
63504 217094
65536 216266
67600 226780
69696 233859
71824 249509
73984 267613
76176 285139
78400 295254
80656 306174
82944 326848
85264 353830
87616 385601
90000 416478
92416 409316
94864 431489
97344 446895
99856 476690
102400 502427
104976 563003
107584 578802
110224 624646
112896 632745
115600 659570
118336 708649
121104 733339
123904 710008
126736 680966
129600 621579
132496 639091
135424 660009
138384 690559
141376 721350
144400 752943
147456 803423
150544 835742
153664 864019
156816 911017
160000 949132
163216 973105
166464 1.05005e+06
169744 1.08424e+06
173056 1.11207e+06
176400 1.1512e+06
179776 1.19052e+06
183184 1.23776e+06
186624 1.30304e+06
190096 1.37559e+06
193600 1.40696e+06
197136 1.46467e+06
200704 1.50905e+06
204304 1.60788e+06
207936 1.64204e+06
211600 1.75126e+06
215296 1.77484e+06
219024 1.82902e+06
222784 1.93848e+06
226576 1.98439e+06
230400 2.00867e+06
234256 2.095e+06
238144 2.12623e+06
242064 2.22732e+06
246016 2.30249e+06
250000 2.36729e+06
254016 2.44541e+06
258064 2.52759e+06
262144 2.68512e+06
