16 14.382
64 38.442
144 85.876
256 169.674
400 261.65
576 393.709
784 441.457
1024 534.312
1296 691.262
1600 861.188
1936 1089.45
2304 1269.55
2704 1473.7
3136 1720.66
3600 2216.59
4096 2498.91
4624 2755.94
5184 3011.74
5776 3302.36
6400 3665.8
7056 4453.35
7744 4858.27
8464 5107.03
9216 5687.1
10000 6036.5
10816 6666.77
11664 7338.2
12544 7839.53
13456 8524.6
14400 8772.08
15376 9893.97
16384 10507.5
17424 10789.1
18496 11677.5
19600 12714.1
20736 12892.8
21904 14476.9
23104 14782.1
24336 15681.4
25600 16491.9
26896 17347.4
28224 18091.8
29584 19034.2
30976 20182.8
32400 21630.4
33856 21918.7
35344 24814
36864 24663.8
38416 26505.7
40000 27028.6
41616 27311.3
43264 32952.7
44944 40017.3
46656 31428.1
48400 31386.5
50176 31020
51984 32078.8
53824 33626
55696 36442.3
57600 38669.7
59536 39603.9
61504 40800.8
63504 43337.5
65536 44296.6
67600 45629.4
69696 48021.8
71824 49257.4
73984 50728.9
76176 51753
78400 53627.1
80656 56587.2
82944 57634.2
85264 61512.4
87616 59528.4
90000 62721.6
92416 63626.2
94864 65046.9
97344 66237.1
99856 69079.2
102400 71011.6
104976 72805.6
107584 75592.4
110224 78621.8
112896 78441
115600 81198.9
118336 81880.7
121104 84553.9
123904 87639.9
126736 88043.8
129600 91263.8
132496 97632.7
135424 113422
138384 91787.7
141376 91318.2
144400 93332.4
147456 95350.1
150544 97293.5
153664 99006.1
156816 100911
160000 105562
163216 110859
166464 108917
169744 109735
173056 111940
176400 114185
179776 119744
183184 126188
186624 121290
190096 123580
193600 126283
197136 128907
200704 132238
204304 133758
207936 136635
211600 139173
215296 141405
219024 144628
222784 146332
226576 149001
230400 152658
234256 154123
238144 157075
242064 159589
246016 162809
250000 165572
254016 168475
258064 172249
262144 174946
