16 11.921
64 43.579
144 102.043
256 209.2
400 309.226
576 471.931
784 499.882
1024 593.994
1296 793.036
1600 981.784
1936 1175.51
2304 1437.02
2704 1713.36
3136 2000.34
3600 2286.48
4096 2559.16
4624 2999.71
5184 3398.47
5776 3796.29
6400 4234.24
7056 4654.58
7744 5058.26
8464 5548.29
9216 6421.03
10000 7783.12
10816 7356.48
11664 7973.11
12544 8527.5
13456 9224.43
14400 9801.84
15376 10398.1
16384 10982
17424 11915.3
18496 12832.8
19600 13669.8
20736 14519.9
21904 15396.4
23104 16218.3
24336 17069
25600 18621
26896 19061.3
28224 19899.6
29584 20768.4
30976 21744.4
32400 22548.7
33856 23756.9
35344 25106.1
36864 26368
38416 27619.5
40000 28846.6
41616 30152.2
43264 31462.9
44944 32591.1
46656 33863.2
48400 35090
50176 36424.5
51984 37966.9
53824 39355.2
55696 40585.8
57600 41830.4
59536 43134.2
61504 44366.8
63504 45628.5
65536 46861.8
67600 48812.6
69696 50824
71824 52763.2
73984 54866
76176 56912.2
78400 58488.9
80656 57851.2
82944 59512.4
85264 61284.8
87616 65365.3
90000 67430.6
92416 69501.5
94864 71104.6
97344 72657.4
99856 74731.1
102400 76986.2
104976 79196
107584 81045.6
110224 83642.8
112896 85736.4
115600 86518.6
118336 88427.2
121104 90461
123904 92232.9
126736 94397.7
129600 95956.6
132496 98194.5
135424 101185
138384 103884
141376 106836
144400 110283
147456 112647
150544 115011
153664 117395
156816 120047
160000 124707
163216 137268
166464 129743
169744 130689
173056 133227
176400 136087
179776 138400
183184 141543
186624 144312
190096 146444
193600 149039
197136 151568
200704 154841
204304 158211
207936 161191
211600 164695
215296 167897
219024 183980
222784 175426
226576 182374
230400 185968
234256 181884
238144 184246
242064 187383
246016 189943
250000 192664
254016 222755
258064 197833
262144 200317
