16 12.462
64 50.234
144 122.075
256 221.355
400 376.094
576 461.331
784 570.663
1024 776.591
1296 986.594
1600 1243.1
1936 1527.46
2304 1864.4
2704 2196.44
3136 2581.73
3600 2992.13
4096 3826.26
4624 3953.73
5184 4474.05
5776 5002.22
6400 5613.15
7056 6204.14
7744 6923.16
8464 7601.22
9216 8302.81
10000 9048.75
10816 9851.32
11664 10671.1
12544 11540.3
13456 12473.3
14400 13362.3
15376 14357
16384 15381.1
17424 16524.6
18496 17586.1
19600 18672.4
20736 19865.3
21904 21036.5
23104 22219.5
24336 23463.5
25600 25022.3
26896 26279.9
28224 27667.7
29584 28973
30976 30453.8
32400 31991.5
33856 33573.1
35344 35394.7
36864 37474.9
38416 38519.5
40000 40065.7
41616 42255.9
43264 43628.5
44944 45345.3
46656 47108.9
48400 49061.6
50176 50951.4
51984 53024.5
53824 55043.2
55696 56999.8
57600 59006.4
59536 61174.3
61504 63411.6
63504 65689.8
65536 68012.4
67600 70250.4
69696 72604.5
71824 75037.1
73984 78060.4
76176 79844.8
78400 82243.8
80656 84725.6
82944 87502.3
85264 89983.3
87616 92556.4
90000 96473.3
92416 98151.6
94864 100638
97344 102424
99856 103582
102400 108889
104976 115105
107584 115516
110224 118464
112896 121106
115600 124123
118336 127311
121104 130663
123904 134312
126736 137358
129600 140519
132496 143835
135424 147505
138384 150900
141376 154979
144400 172990
147456 161779
150544 165203
153664 168867
156816 172213
160000 175383
163216 180084
166464 183703
169744 187242
173056 191255
176400 202511
179776 203513
183184 202895
186624 207114
190096 211238
193600 214921
197136 219034
200704 223459
204304 227879
207936 233277
211600 237332
215296 241417
219024 245775
222784 249969
226576 253889
230400 258924
234256 263311
238144 268436
242064 272717
246016 277835
250000 282337
254016 282616
258064 291585
262144 296029
