16 6.549
64 22.514
144 61.728
256 133.601
400 244.335
576 363.475
784 447.371
1024 615.356
1296 787.926
1600 958.147
1936 1157.77
2304 1416.03
2704 1723.02
3136 2066.88
3600 2265.82
4096 2584.76
4624 3089.45
5184 3632.99
5776 4001.36
6400 4440.75
7056 4932.11
7744 5458.54
8464 6118.78
9216 7161.59
10000 7652.24
10816 8497.11
11664 9064.66
12544 10022.9
13456 10441.5
14400 11467.8
15376 11645.6
16384 12314.1
17424 13116.8
18496 14212.3
19600 15365.9
20736 16329.4
21904 17388.5
23104 18261.1
24336 19901.8
25600 21354.5
26896 22417.1
28224 23805.2
29584 24642.3
30976 24921.9
32400 26252.3
33856 28176
35344 31954.2
36864 32432.4
38416 33537
40000 36952
41616 36541.6
43264 37867.8
44944 40306.9
46656 42104.5
48400 41570.5
50176 43273.8
51984 45794.3
53824 48646
55696 50266.4
57600 53287.3
59536 55219.4
61504 58820.2
63504 60840.5
65536 61805.2
67600 61692.1
69696 64955.5
71824 66037
73984 71246.6
76176 73472.5
78400 70329.1
80656 69903.1
82944 79534.6
85264 76223.8
87616 80835.6
90000 86964.5
92416 93686.4
94864 85364.9
97344 86718.1
99856 89858.5
102400 92726.9
104976 94680.1
107584 96954.6
110224 99140
112896 100221
115600 101862
118336 105581
121104 107171
123904 109320
126736 111824
129600 114289
132496 116877
135424 120737
138384 122734
141376 126948
144400 130057
147456 133150
150544 140569
153664 136029
156816 142649
160000 146382
163216 149938
166464 152992
169744 156291
173056 158882
176400 153454
179776 167659
183184 170949
186624 174478
190096 178656
193600 181213
197136 185315
200704 190371
204304 194081
207936 198507
211600 211098
215296 203548
219024 224194
222784 240706
226576 237626
230400 241136
234256 241179
238144 247334
242064 272812
246016 250916
250000 255092
254016 260055
258064 266428
262144 264639
