16 7.127
64 41.11
144 91.204
256 190.24
400 307.455
576 446.351
784 652.066
1024 915.825
1296 1032.63
1600 1321.24
1936 1765.31
2304 2123.97
2704 2519.96
3136 2790.59
3600 3285.5
4096 3843.13
4624 4436.1
5184 4911.79
5776 5652.33
6400 6267.84
7056 7210.18
7744 8046.42
8464 9080.67
9216 10242
10000 10815.7
10816 12288.3
11664 12128.6
12544 13368.4
13456 14571.7
14400 15669.6
15376 16517.9
16384 17533.6
17424 19038.5
18496 19448.4
19600 22706.7
20736 21992.6
21904 24105.6
23104 24727.5
24336 27142.3
25600 28006.8
26896 29974.9
28224 32924.2
29584 33385.4
30976 37537.3
32400 37175
33856 40253.7
35344 40893.4
36864 45621.8
38416 46825.9
40000 51483.5
41616 52462.7
43264 51719.5
44944 55669.6
46656 53751.3
48400 57549.2
50176 60986.6
51984 63511.7
53824 69803
55696 70887.2
57600 77239
59536 74774.2
61504 78007.6
63504 79768
65536 81865.5
67600 84125.8
69696 86609.5
71824 86760.5
73984 89816.2
76176 95698.6
78400 97413.7
80656 99805.1
82944 100989
85264 104839
87616 115277
90000 118571
92416 129470
94864 127361
97344 136248
99856 129901
102400 136749
104976 140973
107584 152808
110224 149433
112896 153679
115600 158563
118336 155247
121104 168432
123904 169701
126736 166544
129600 188807
132496 177301
135424 194809
138384 185306
141376 207036
144400 186128
147456 201968
150544 199877
153664 206867
156816 210638
160000 214784
163216 224865
166464 226449
169744 240250
173056 238132
176400 259704
179776 249921
183184 248825
186624 247113
190096 237851
193600 280418
197136 275867
200704 290041
204304 296658
207936 287083
211600 299736
215296 306701
219024 305630
222784 319353
226576 319162
230400 334805
234256 327464
238144 341319
242064 340597
246016 344726
250000 386526
254016 366908
258064 411111
262144 399623
