16 6.373
64 25.031
144 66.798
256 128.534
400 227.693
576 335.635
784 494.671
1024 637.336
1296 858.536
1600 1113.13
1936 1318.06
2304 1623.32
2704 1975.64
3136 2360.54
3600 2687.48
4096 3573.1
4624 3529.31
5184 4078.81
5776 4646.05
6400 5210.85
7056 5273.16
7744 5190.92
8464 5712.46
9216 6362.66
10000 7001.82
10816 7681.65
11664 8402.62
12544 9311.05
13456 9773.36
14400 10394.7
15376 11067.5
16384 11837.3
17424 13081.8
18496 13901.3
19600 14705.2
20736 16316
21904 16830.3
23104 17824.7
24336 19019.4
25600 20002.5
26896 20892.3
28224 22052.4
29584 22850.5
30976 27458.1
32400 32262.8
33856 26652.2
35344 27831.8
36864 29889.9
38416 36804.4
40000 43730.5
41616 45849
43264 48264
44944 50485.5
46656 39206.3
48400 40106.9
50176 41722.6
51984 43606.5
53824 44612.8
55696 46061
57600 47627.4
59536 49013.4
61504 50563.7
63504 52992.2
65536 54065.4
67600 56458.1
69696 58189.2
71824 60309.9
73984 62390.7
76176 64747.5
78400 66512.2
80656 68841.9
82944 71177.5
85264 73341.7
87616 75840.9
90000 78506.6
92416 84221.7
94864 83340.7
97344 85809.6
99856 88206.9
102400 90743.1
104976 92416.8
107584 94688.4
110224 96770.1
112896 98979.7
115600 101215
118336 103580
121104 105851
123904 108103
126736 110519
129600 112484
132496 116251
135424 119319
138384 122399
141376 124559
144400 124791
147456 131775
150544 134571
153664 135606
156816 138740
160000 145064
163216 151940
166464 152201
169744 154771
173056 158616
176400 170551
179776 168891
183184 185488
186624 201411
190096 194652
193600 201528
197136 210390
200704 196746
204304 218569
207936 207975
211600 198334
215296 201646
219024 223324
222784 207197
226576 208653
230400 213145
234256 210893
238144 220967
242064 218526
246016 218998
250000 224496
254016 231881
258064 236354
262144 240927
