2048 1309.54
4096 2831.53
6144 4385.62
8192 5990.39
10240 7709.64
12288 9455.96
14336 11239
16384 13338.7
18432 14859.8
20480 16601.4
22528 18941.5
24576 20534.2
26624 22403.4
28672 23979.1
30720 25768.1
32768 28740.3
34816 30081.1
36864 31650
38912 33324.2
40960 35586.1
43008 37304.4
45056 39582.1
47104 41509.8
49152 43266.6
51200 45086.5
53248 47177.6
55296 50124.4
57344 51987
59392 53069.8
61440 55110.3
63488 57186.9
65536 58861
67584 61002.4
69632 62976.6
71680 65288.9
73728 67218.2
75776 69397.3
77824 70528.7
79872 72340.4
81920 75036.7
83968 76878.8
86016 78280.3
88064 80360
90112 81974.9
92160 83479.3
94208 85386.1
96256 87293.8
98304 90620.7
100352 94472.5
102400 95830
104448 97091
106496 98895.5
108544 101771
110592 103589
112640 105666
114688 107613
116736 109876
118784 112850
120832 115068
122880 116690
124928 118199
126976 120502
129024 127402
131072 124811
133120 126497
135168 130055
137216 132225
139264 133401
141312 135239
143360 138415
145408 139031
147456 141707
149504 143680
151552 149043
153600 148510
155648 150356
157696 151420
159744 151154
161792 152970
163840 158376
165888 162835
167936 166420
169984 165865
172032 168995
174080 170112
176128 172871
178176 175110
180224 175775
182272 176654
184320 178505
186368 182348
188416 186747
190464 193308
192512 204597
194560 238397
196608 226989
198656 218885
200704 227050
202752 234071
204800 212154
206848 225039
208896 223095
210944 221492
212992 213327
215040 215095
217088 219571
219136 218934
221184 218277
223232 232928
225280 229881
227328 228361
229376 233472
231424 234818
233472 236023
235520 237231
237568 260025
239616 242441
241664 257208
243712 284772
245760 252807
247808 268975
249856 262261
251904 285346
253952 268064
256000 262039
258048 266135
260096 264517
262144 266821
