2048 1231.83
4096 2635.01
6144 4211.23
8192 5787.3
10240 7507.6
12288 9121.32
14336 10773.6
16384 12884.4
18432 14397.3
20480 15975.2
22528 17739.3
24576 19544.4
26624 21278.2
28672 22933.7
30720 24708.5
32768 26520.2
34816 28517.6
36864 30188.1
38912 31984
40960 33733.5
43008 35814.3
45056 37601.7
47104 39584.5
49152 41419.6
51200 43169.7
53248 46085
55296 47043.9
57344 49110.5
59392 51516.8
61440 52639.8
63488 54394.6
65536 57068.4
67584 58205.8
69632 59805.9
71680 62025
73728 69089.1
75776 70384.2
77824 66670
79872 68811.9
81920 71124
83968 74114.1
86016 76417
88064 79050.1
90112 80865.1
92160 82548.3
94208 84648.7
96256 85841.2
98304 87757.5
100352 89580.3
102400 92445
104448 94190.4
106496 96747.4
108544 98801.8
110592 100971
112640 101414
114688 103833
116736 106125
118784 107218
120832 109306
122880 110839
124928 113076
126976 115649
129024 117892
131072 119682
133120 120988
135168 123561
137216 124519
139264 126776
141312 130499
143360 132520
145408 133968
147456 137657
149504 138402
151552 144363
153600 138316
155648 144033
157696 147344
159744 148566
161792 149441
163840 155266
165888 158467
167936 156395
169984 159254
172032 161013
174080 162284
176128 166184
178176 164197
180224 164601
182272 166791
184320 172639
186368 174620
188416 177278
190464 178477
192512 181581
194560 184249
196608 185953
198656 186853
200704 186326
202752 186590
204800 189758
206848 196673
208896 198348
210944 200268
212992 201753
215040 203482
217088 207092
219136 211175
221184 211590
223232 207042
225280 236159
227328 234197
229376 240641
231424 227075
233472 246151
235520 248724
237568 231715
239616 243460
241664 250088
243712 253252
245760 249170
247808 239018
249856 242048
251904 242920
253952 243518
256000 246723
258048 248686
260096 253960
262144 255632
