2048 1285.14
4096 2766.13
6144 4322.21
8192 6082.82
10240 7826.63
12288 9452.93
14336 11156.2
16384 13000.1
18432 14703.9
20480 16221.9
22528 18158.5
24576 20016.8
26624 21683.1
28672 23437
30720 25275.1
32768 27169.5
34816 29150.9
36864 31268.1
38912 33248.1
40960 35121.4
43008 36823.6
45056 38971.1
47104 40862.5
49152 43078.2
51200 45199.1
53248 47025.9
55296 49318.2
57344 51378.9
59392 52597.3
61440 54718.7
63488 56924.4
65536 58769.9
67584 60932.2
69632 62798.6
71680 64680.7
73728 65748.5
75776 68404.2
77824 69732
79872 71412.7
81920 74816.1
83968 78957.8
86016 79440.4
88064 81423.1
90112 86046.1
92160 87187.4
94208 88552.6
96256 91394.6
98304 92447.2
100352 94059
102400 98129.9
104448 98432.2
106496 99431.9
108544 104887
110592 107574
112640 119405
114688 131657
116736 132278
118784 130070
120832 132344
122880 136209
124928 135988
126976 143691
129024 139045
131072 143146
133120 153359
135168 156501
137216 158731
139264 161327
141312 165123
143360 167572
145408 170667
147456 172981
149504 176528
151552 178509
153600 185854
155648 193210
157696 157488
159744 189377
161792 206701
163840 166376
165888 163291
167936 191456
169984 169696
172032 171141
174080 175458
176128 189108
178176 201066
180224 181488
182272 181277
184320 183373
186368 184508
188416 185726
190464 188936
192512 195713
194560 226202
196608 198072
198656 197704
200704 199710
202752 206682
204800 242775
206848 208531
208896 209535
210944 206435
212992 209460
215040 218614
217088 219449
219136 221735
221184 221846
223232 267056
225280 229088
227328 227892
229376 225804
231424 229923
233472 237040
235520 243149
237568 295856
239616 246260
241664 245715
243712 245204
245760 248862
247808 251791
249856 286183
251904 256745
253952 257943
256000 261224
258048 261171
260096 262042
262144 259350
