2048 1116.85
4096 2541.44
6144 4344.08
8192 6452.47
10240 9104.55
12288 12310.4
14336 15258.1
16384 19258.6
18432 22227.6
20480 25968.6
22528 30247.1
24576 34367.5
26624 39314.4
28672 44261.1
30720 50251.4
32768 56482.4
34816 61954.4
36864 68148.7
38912 77124.3
40960 83315
43008 90583.9
45056 98314
47104 107024
49152 120205
51200 135500
53248 134766
55296 144393
57344 155078
59392 165799
61440 175631
63488 186295
65536 199914
67584 216707
69632 229777
71680 238931
73728 253546
75776 268589
77824 282607
79872 296978
81920 314610
83968 331206
86016 347837
88064 366765
90112 385655
92160 407865
94208 427895
96256 444516
98304 466793
100352 488082
102400 510505
104448 532080
106496 557338
108544 576063
110592 602304
112640 636551
114688 655076
116736 683971
118784 708097
120832 734946
122880 760805
124928 790173
126976 817117
129024 851560
131072 874451
133120 912805
135168 942294
137216 974093
139264 1.00182e+06
141312 1.03527e+06
143360 1.07362e+06
145408 1.10122e+06
147456 1.13528e+06
149504 1.1729e+06
151552 1.20773e+06
153600 1.24577e+06
155648 1.27595e+06
157696 1.31289e+06
159744 1.35471e+06
161792 1.39209e+06
163840 1.43209e+06
165888 1.47076e+06
167936 1.516e+06
169984 1.56398e+06
172032 1.61371e+06
174080 1.63791e+06
176128 1.67764e+06
178176 1.7196e+06
180224 1.76673e+06
182272 1.80799e+06
184320 1.8595e+06
186368 1.8971e+06
188416 1.93889e+06
190464 1.98243e+06
192512 2.02947e+06
194560 2.07593e+06
196608 2.1289e+06
198656 2.17196e+06
200704 2.22e+06
202752 2.27179e+06
204800 2.33235e+06
206848 2.37688e+06
208896 2.42898e+06
210944 2.47937e+06
212992 2.53353e+06
215040 2.59052e+06
217088 2.64028e+06
219136 2.6832e+06
221184 2.75662e+06
223232 2.79644e+06
225280 2.96723e+06
227328 2.95661e+06
229376 2.95821e+06
231424 2.99353e+06
233472 3.02586e+06
235520 3.10772e+06
237568 3.12885e+06
239616 3.20592e+06
241664 3.23962e+06
243712 3.30518e+06
245760 3.36003e+06
247808 3.40877e+06
249856 3.47316e+06
251904 3.53248e+06
253952 3.59812e+06
256000 3.66285e+06
258048 3.71392e+06
260096 3.78598e+06
262144 3.84601e+06
