2048 748
4096 1593.18
6144 2519.14
8192 3461.85
10240 4477.9
12288 5536.28
14336 6475.49
16384 7407.12
18432 8364.77
20480 9254.04
22528 10559.5
24576 11336.2
26624 12989.7
28672 13945.3
30720 14696.4
32768 15554
34816 16672.9
36864 17969.3
38912 18867.9
40960 19830.1
43008 21120.2
45056 22099.1
47104 23037.9
49152 24414.8
51200 25591.8
53248 26657.8
55296 27818.7
57344 29058.9
59392 30453.4
61440 31508.4
63488 32061.6
65536 33582.8
67584 34571.6
69632 35734.1
71680 36652.3
73728 37590.3
75776 39082.5
77824 40136
79872 40993.8
81920 42373.7
83968 42654.7
86016 44044.5
88064 45394.6
90112 46457.2
92160 52021.4
94208 59396
96256 62253.5
98304 54901.1
100352 56312.6
102400 58810
104448 59885
106496 73230.5
108544 61993.4
110592 65234.6
112640 62497.3
114688 62258.4
116736 63267.2
118784 64271.4
120832 65527
122880 65380.8
124928 66657.3
126976 68464.5
129024 68891.6
131072 69656.7
133120 70625.4
135168 72354.6
137216 75988.4
139264 76561.6
141312 78822.9
143360 78429.9
145408 80689.9
147456 81791.4
149504 82861.8
151552 82408.1
153600 84761.1
155648 84768.6
157696 89325.2
159744 89127.1
161792 89379.1
163840 92013.9
165888 92259.7
167936 93186.8
169984 93547
172032 94447.7
174080 95908.7
176128 97453.6
178176 98281.8
180224 99418
182272 104295
184320 103306
186368 109494
188416 104808
190464 107010
192512 106773
194560 107505
196608 109424
198656 108611
200704 109886
202752 115701
204800 117542
206848 119127
208896 120200
210944 119450
212992 121024
215040 120610
217088 121557
219136 124172
221184 125622
223232 125695
225280 127792
227328 129435
229376 129400
231424 128542
233472 129380
235520 131359
237568 136139
239616 136680
241664 136745
243712 157414
245760 139331
247808 143409
249856 145039
251904 147753
253952 151419
256000 152038
258048 147369
260096 150279
262144 150318
