2048 1120.83
4096 2403.57
6144 3995.5
8192 5700.59
10240 7368.92
12288 9345.61
14336 11648.1
16384 14124.5
18432 16137.1
20480 18656.4
22528 21935.2
24576 24360.5
26624 27544.4
28672 31319.8
30720 34459.9
32768 37940.8
34816 41359
36864 46537.2
38912 49177.1
40960 53449.3
43008 57569
45056 62144.8
47104 66904.2
49152 72414.6
51200 76890.9
53248 81723.8
55296 86363.6
57344 93491.2
59392 98488.7
61440 104799
63488 109915
65536 115747
67584 121446
69632 127865
71680 133582
73728 140222
75776 148712
77824 157074
79872 164330
81920 171455
83968 181672
86016 188854
88064 197673
90112 206302
92160 213824
94208 221420
96256 235391
98304 246888
100352 254465
102400 264025
104448 276035
106496 285149
108544 291855
110592 306209
112640 319333
114688 331566
116736 349196
118784 357131
120832 361894
122880 373352
124928 392256
126976 405286
129024 422604
131072 429869
133120 442022
135168 461390
137216 479273
139264 487429
141312 504352
143360 519669
145408 539845
147456 550878
149504 565947
151552 586355
153600 604640
155648 612867
157696 646577
159744 660509
161792 668335
163840 692403
165888 714496
167936 726527
169984 746517
172032 765060
174080 788453
176128 810104
178176 823529
180224 849710
182272 871936
184320 931162
186368 912480
188416 980449
190464 990855
192512 1.05223e+06
194560 1.0131e+06
196608 1.03945e+06
198656 1.05466e+06
200704 1.07363e+06
202752 1.09723e+06
204800 1.12004e+06
206848 1.15573e+06
208896 1.17437e+06
210944 1.21713e+06
212992 1.20971e+06
215040 1.24024e+06
217088 1.26048e+06
219136 1.28793e+06
221184 1.3099e+06
223232 1.33564e+06
225280 1.36168e+06
227328 1.39349e+06
229376 1.41887e+06
231424 1.44318e+06
233472 1.47356e+06
235520 1.49968e+06
237568 1.53581e+06
239616 1.55944e+06
241664 1.59752e+06
243712 1.60547e+06
245760 1.64424e+06
247808 1.86776e+06
249856 1.79397e+06
251904 1.75698e+06
253952 1.76185e+06
256000 1.79843e+06
258048 1.84251e+06
260096 1.89503e+06
262144 1.89034e+06
