2048 1106.28
4096 2436.66
6144 3890.29
8192 5366.88
10240 6810.77
12288 8264.7
14336 9696.48
16384 11205.2
18432 12989.9
20480 14262.1
22528 15789.4
24576 17276.9
26624 18955.8
28672 20393.9
30720 22013.6
32768 23839.5
34816 25824.3
36864 27186
38912 28447.2
40960 29807.9
43008 31395.8
45056 32933.3
47104 34673.9
49152 36444.3
51200 38200
53248 39607.9
55296 40978.8
57344 44561.5
59392 45519.5
61440 46372.7
63488 47911.3
65536 49455.6
67584 50984.5
69632 52517.9
71680 54580.9
73728 56637.6
75776 57819.6
77824 59209.7
79872 60772.2
81920 62354.6
83968 63981.2
86016 66645.5
88064 68240
90112 69250.7
92160 70699.3
94208 72346.1
96256 74321
98304 76096.8
100352 77615.4
102400 79777.9
104448 81460.8
106496 82351
108544 84021.1
110592 85998.4
112640 87441.8
114688 89979.4
116736 90591.4
118784 92487.4
120832 94180.1
122880 95817.1
124928 97939.6
126976 100304
129024 101186
131072 103255
133120 105396
135168 107629
137216 108344
139264 109736
141312 111543
143360 113171
145408 113817
147456 114650
149504 117419
151552 120257
153600 121900
155648 123410
157696 125477
159744 126750
161792 129474
163840 130464
165888 132010
167936 135004
169984 136171
172032 137302
174080 138653
176128 138604
178176 141074
180224 144083
182272 146304
184320 148228
186368 150013
188416 151941
190464 154520
192512 154728
194560 156377
196608 159527
198656 160177
200704 161885
202752 164405
204800 165420
206848 167403
208896 169817
210944 170600
212992 172609
215040 175352
217088 176041
219136 177830
221184 181384
223232 181212
225280 184024
227328 182632
229376 184425
231424 185428
233472 190676
235520 192033
237568 194306
239616 195595
241664 198630
243712 200197
245760 201246
247808 199785
249856 200958
251904 203715
253952 208687
256000 209398
258048 212252
260096 213046
262144 215501
