2048 723.096
4096 1490.75
6144 2376.06
8192 3293.46
10240 4131.65
12288 5081.54
14336 5960.53
16384 6881.27
18432 7785.12
20480 8638.76
22528 9540.12
24576 10548.7
26624 11385.1
28672 12462.5
30720 13295.2
32768 14481.9
34816 15229.3
36864 15982.4
38912 17021.9
40960 17769.6
43008 18715.3
45056 19637.5
47104 20665
49152 21846.7
51200 22600.1
53248 24016.2
55296 25038.1
57344 25987.9
59392 26995.9
61440 27433.7
63488 28415.6
65536 29394.8
67584 30310.3
69632 31807.1
71680 32122.3
73728 37559.1
75776 36743
77824 34805.7
79872 36659.7
81920 37596.8
83968 37795.6
86016 39434.6
88064 41489.1
90112 40934.6
92160 41611.6
94208 42767.2
96256 44906.7
98304 45135.4
100352 46459
102400 47106.6
104448 48187.1
106496 49804.9
108544 50425.7
110592 51691.9
112640 51804.9
114688 53162.2
116736 55210
118784 56028.9
120832 57093.2
122880 57459.7
124928 58364.8
126976 59424.2
129024 60276.9
131072 61152.2
133120 61976.6
135168 63429.1
137216 63638
139264 64532.2
141312 65413.8
143360 67323
145408 68013.6
147456 68510.7
149504 69140.1
151552 70314.9
153600 71268.8
155648 71898.8
157696 73387.9
159744 74176.6
161792 73836
163840 75058.1
165888 76104.1
167936 77931.8
169984 79924.7
172032 80843.7
174080 81134.3
176128 81894
178176 83523.2
180224 84121.4
182272 84855
184320 86804.2
186368 87539.2
188416 87927.9
190464 88799
192512 89774.7
194560 91120.3
196608 92729.2
198656 93288.8
200704 94421.3
202752 95196.7
204800 95968.4
206848 96235
208896 97205.1
210944 98616.7
212992 100798
215040 102342
217088 103369
219136 103501
221184 104551
223232 105348
225280 106704
227328 108768
229376 108322
231424 109323
233472 110211
235520 112400
237568 112948
239616 113604
241664 114826
243712 115331
245760 117372
247808 117893
249856 118512
251904 120539
253952 122106
256000 122134
258048 123267
260096 124516
262144 130050
