2048 902.261
4096 1805.33
6144 2915.91
8192 3884.68
10240 5146.54
12288 6018.45
14336 7175.07
16384 8049.63
18432 9295.94
20480 10736.6
22528 11471.5
24576 12619.3
26624 13843
28672 14739.5
30720 15669
32768 16699.5
34816 17978.8
36864 19358
38912 20487.5
40960 21654.4
43008 22840.1
45056 23733.6
47104 24650.6
49152 25619.1
51200 26929
53248 28211.3
55296 29527.9
57344 30435.4
59392 31520.1
61440 32612.7
63488 34157.8
65536 34435.7
67584 35655.7
69632 37257.3
71680 38509.3
73728 39873.3
75776 40933.7
77824 42185.1
79872 43470.3
81920 44694.1
83968 45726.4
86016 47157
88064 48850.3
90112 49132.4
92160 50557.3
94208 51597
96256 52598.7
98304 53710.5
100352 54897.4
102400 56243.2
104448 57250.9
106496 59450.3
108544 60306.1
110592 60813.1
112640 62014.5
114688 62837.8
116736 64158.3
118784 65592.6
120832 66501.5
122880 67804.3
124928 68323.7
126976 69179.6
129024 71241.1
131072 73434.7
133120 73593.7
135168 74004.8
137216 79814.3
139264 76049.9
141312 77137.1
143360 78111.4
145408 79805
147456 81189.1
149504 83399.6
151552 84757.1
153600 85809.8
155648 87212.7
157696 88441.7
159744 90191
161792 91252.6
163840 92133.1
165888 93431.6
167936 94396.1
169984 96061.7
172032 97550.4
174080 98172.4
176128 99216.9
178176 100151
180224 99737.6
182272 101185
184320 102221
186368 103426
188416 104049
190464 106215
192512 110294
194560 109822
196608 110636
198656 112099
200704 113807
202752 115109
204800 116013
206848 117337
208896 119233
210944 121420
212992 123421
215040 122051
217088 123147
219136 125887
221184 125506
223232 126384
225280 127670
227328 129868
229376 129688
231424 130857
233472 131769
235520 133306
237568 138268
239616 137079
241664 139741
243712 138690
245760 139252
247808 138863
249856 139426
251904 141350
253952 143069
256000 145060
258048 145785
260096 145968
262144 146648
