2048 745.161
4096 1537.57
6144 2581.47
8192 3344.6
10240 4429.21
12288 5661.9
14336 6662.22
16384 7240.5
18432 8296.56
20480 9406.94
22528 10518.1
24576 11678.4
26624 12575.6
28672 14059.7
30720 15097.5
32768 16688.5
34816 17185
36864 18049.9
38912 19360.5
40960 20608.6
43008 21746.5
45056 23021
47104 24425.2
49152 26075.2
51200 26599.4
53248 27882.4
55296 28619.5
57344 29868.9
59392 30844.2
61440 31820.1
63488 32950.9
65536 36502.6
67584 37564.7
69632 38054.4
71680 39710
73728 40898
75776 41048.2
77824 42140.1
79872 44450.1
81920 44770.1
83968 47402.7
86016 47405.9
88064 48692.9
90112 50007.3
92160 52015.7
94208 52754.6
96256 53838.4
98304 54311.2
100352 55197.8
102400 56313.4
104448 58357.3
106496 60047.1
108544 60802.4
110592 63362
112640 63934.1
114688 64509.3
116736 65696.6
118784 67336.4
120832 68067.4
122880 69031
124928 70655.2
126976 72349
129024 72626.8
131072 73591.8
133120 75099.6
135168 76185.8
137216 77580.7
139264 79225
141312 81160.5
143360 82520.6
145408 84253.5
147456 87317.7
149504 88263.4
151552 103218
153600 90446.1
155648 90259.5
157696 91858.5
159744 96066.4
161792 96173.9
163840 95494
165888 97080.3
167936 99353.3
169984 99959.8
172032 101848
174080 103760
176128 103916
178176 104909
180224 106260
182272 108134
184320 110400
186368 112310
188416 113512
190464 115270
192512 132235
194560 121724
196608 121330
198656 126014
200704 126014
202752 127086
204800 127279
206848 127709
208896 132240
210944 135186
212992 132642
215040 134866
217088 135683
219136 136671
221184 137205
223232 138912
225280 140184
227328 139393
229376 144393
231424 146449
233472 146636
235520 149057
237568 153327
239616 148217
241664 149151
243712 151516
245760 156266
247808 153950
249856 154967
251904 170201
253952 159618
256000 155866
258048 168299
260096 172482
262144 160177
