2048 828.499
4096 1794.87
6144 2943.04
8192 3880.83
10240 5087.96
12288 6421.44
14336 7361.21
16384 8417.44
18432 9622.16
20480 11141.3
22528 12237.3
24576 13757.3
26624 15066.2
28672 16777.6
30720 18294
32768 18806.2
34816 20097.6
36864 21480.7
38912 22658.3
40960 23929.7
43008 25183.2
45056 25909.3
47104 27490.3
49152 28818
51200 30525
53248 31502.6
55296 32497
57344 34189.1
59392 34566.3
61440 35619.4
63488 37966.4
65536 38872.7
67584 40477.4
69632 41455.1
71680 42577
73728 46839.5
75776 52841.4
77824 50486.8
79872 50572.1
81920 52245.8
83968 53145.9
86016 57246.9
88064 55053.7
90112 56670.3
92160 58789.2
94208 59433.8
96256 61804.1
98304 62874.4
100352 66007.6
102400 67839
104448 67639.5
106496 70550.1
108544 72642.2
110592 70923.3
112640 70546.9
114688 73323.9
116736 73248.1
118784 75313.9
120832 75532.8
122880 76235.7
124928 80934
126976 80606
129024 81383.6
131072 83048.3
133120 85124.2
135168 84779.1
137216 85459.5
139264 86063.1
141312 87326.5
143360 88698.7
145408 91707.3
147456 94418.9
149504 96350.8
151552 97203.8
153600 98095.3
155648 99844
157696 99125.7
159744 100049
161792 103112
163840 106151
165888 106980
167936 108083
169984 110621
172032 110177
174080 113089
176128 114675
178176 115983
180224 117311
182272 118326
184320 120844
186368 121288
188416 124111
190464 123987
192512 126802
194560 130151
196608 129226
198656 130512
200704 136650
202752 136721
204800 135035
206848 135315
208896 137476
210944 138082
212992 141940
215040 141911
217088 143861
219136 144989
221184 144561
223232 146479
225280 147825
227328 153203
229376 150336
231424 152373
233472 152894
235520 153046
237568 154451
239616 155293
241664 156462
243712 158298
245760 159689
247808 159959
249856 159502
251904 159238
253952 165082
256000 177527
258048 180642
260096 172086
262144 171499
