2048 1454.16
4096 2549.35
6144 3999.79
8192 5525.16
10240 6933.38
12288 9073.94
14336 10611.3
16384 12574.5
18432 14701.9
20480 16775.3
22528 18622.6
24576 20016.5
26624 20730.5
28672 22542.2
30720 23437.5
32768 25146.9
34816 26916.3
36864 28494.5
38912 32944.4
40960 33282.7
43008 34588.4
45056 37624.5
47104 39882.3
49152 39800.2
51200 42434.4
53248 46054.1
55296 56441
57344 63373.5
59392 57437.4
61440 53586.7
63488 53999.4
65536 55056.7
67584 56891.3
69632 62541
71680 60145.3
73728 64595.7
75776 66611.7
77824 65582.1
79872 68958.1
81920 69753.2
83968 72764.4
86016 76967.9
88064 76133.8
90112 81261.8
92160 83861.7
94208 79753.4
96256 90096.8
98304 88509.3
100352 90023.4
102400 92110.8
104448 97833.9
106496 96572.4
108544 99498.3
110592 96244.6
112640 105539
114688 106917
116736 110306
118784 114430
120832 132336
122880 115083
124928 111883
126976 133520
129024 126543
131072 122719
133120 123387
135168 133766
137216 125672
139264 130084
141312 133990
143360 127852
145408 136970
147456 136224
149504 151441
151552 155012
153600 145284
155648 147434
157696 147509
159744 181494
161792 166674
163840 156487
165888 157521
167936 157594
169984 172723
172032 172246
174080 172925
176128 173451
178176 180304
180224 166977
182272 178086
184320 177730
186368 189566
188416 189139
190464 180540
192512 206889
194560 196128
196608 183628
198656 192737
200704 185979
202752 195163
204800 197262
206848 198393
208896 208982
210944 200914
212992 222461
215040 214114
217088 210519
219136 220793
221184 210129
223232 218721
225280 223403
227328 234551
229376 242023
231424 232589
233472 240261
235520 230323
237568 236920
239616 235190
241664 234915
243712 247080
245760 262472
247808 243405
249856 243058
251904 250555
253952 247242
256000 258416
258048 263857
260096 263127
262144 262101
