2 0.714
4 0.723
6 1.072
8 1.627
10 2.186
12 2.706
14 3.209
16 27.62
18 5.021
20 7.151
22 6.652
24 6.957
26 7.896
28 25.673
30 8.602
32 9.037
34 33.82
36 11.803
38 11.845
40 12.694
42 30.337
44 13.421
46 13.98
48 14.868
50 15.589
52 37.996
54 18.413
56 22.393
58 36.914
60 19.911
62 59.814
64 44.246
66 23.998
68 40.647
70 23.564
72 24.541
74 25.142
76 25.914
78 26.916
80 27.557
82 27.937
84 29.032
86 29.899
88 30.618
90 31.393
92 32.33
94 33.141
96 34.005
98 34.495
100 35.764
102 36.655
104 38.425
106 39.101
108 39.279
110 39.915
112 40.716
114 41.885
116 42.437
118 43.548
120 44.147
122 44.892
124 45.738
126 46.724
128 47.567
130 48.539
132 48.987
134 50.154
136 51.693
138 51.855
140 53.036
142 53.691
144 54.365
146 55.663
148 56.05
150 57.002
152 58.506
154 59.112
156 59.697
158 60.797
160 61.039
162 62.789
164 63.087
166 64.302
168 65.171
170 66.116
172 100.37
174 86.749
176 68.863
178 70.356
180 71.108
182 71.735
184 73.049
186 73.819
188 74.914
190 75.338
192 76.305
194 77.772
196 78.386
198 79.398
200 79.916
202 81.298
204 82.341
206 83.052
208 83.874
210 85.412
212 85.63
214 86.753
216 87.675
218 89.075
220 89.979
222 91.026
224 97.597
226 98.911
228 135.735
230 94.052
232 95.221
234 95.93
236 97.634
238 98.036
240 98.852
242 100.336
244 100.211
246 104.46
248 146.368
250 102.952
252 104.044
254 105.101
256 106.978
