2 1.147
4 1.191
6 2.066
8 2.919
10 3.74
12 4.654
14 5.436
16 6.599
18 7.495
20 8.55
22 9.595
24 10.736
26 11.754
28 12.957
30 13.998
32 15.298
34 16.386
36 17.832
38 18.983
40 20.327
42 21.78
44 22.789
46 24.063
48 25.499
50 26.43
52 27.923
54 28.849
56 30.161
58 31.691
60 32.927
62 34.029
64 35.392
66 36.63
68 38.227
70 39.39
72 41.487
74 42.545
76 44.177
78 45.31
80 46.497
82 48.151
84 49.676
86 50.905
88 52.504
90 53.569
92 55.406
94 56.292
96 57.934
98 59.103
100 60.824
102 61.788
104 63.937
106 64.874
108 66.498
110 67.665
112 69.594
114 70.34
116 71.86
118 72.971
120 75.365
122 76.003
124 77.37
126 78.544
128 80.786
130 81.81
132 83.004
134 84.612
136 86.488
138 88.126
140 89.178
142 107.072
144 101.349
146 102.779
148 110.269
150 97.293
152 98.755
154 100.176
156 102.042
158 103.271
160 105.204
162 107.052
164 108.455
166 109.681
168 111.249
170 112.87
172 114.436
174 115.666
176 117.464
178 120.393
180 120.316
182 121.544
184 123.843
186 124.861
188 126.751
190 128.185
192 130.007
194 131.474
196 132.632
198 134.756
200 136.339
202 137.35
204 139.087
206 140.916
208 142.907
210 146.906
212 145.168
214 147.087
216 148.977
218 149.366
220 151.235
222 152.76
224 154.659
226 156.226
228 157.243
230 158.774
232 160.568
234 162.324
236 163.787
238 165.472
240 174.069
242 168.345
244 169.927
246 171.399
248 173.49
250 174.265
252 176.175
254 178.017
256 179.822
