2 0.733
4 0.791
6 1.206
8 25.236
10 2.628
12 3.334
14 5.016
16 5.691
18 5.258
20 5.93
22 6.507
24 24.732
26 7.485
28 31.316
30 10.05
32 10.71
34 11.578
36 29.702
38 12.002
40 15.18
42 13.496
44 14.341
46 15.011
48 15.958
50 16.837
52 17.535
54 18.133
56 25.208
58 21.356
60 39.96
62 21.29
64 22.331
66 23.407
68 24.078
70 24.825
72 25.731
74 26.511
76 27.185
78 28.143
80 28.908
82 29.833
84 30.429
86 31.415
88 31.909
90 33.038
92 34.155
94 34.932
96 35.884
98 36.962
100 37.296
102 38.369
104 39.834
106 40.826
108 40.804
110 41.648
112 43.073
114 43.955
116 44.229
118 45.688
120 46.082
122 47.285
124 47.763
126 48.74
128 49.466
130 51.267
132 51.807
134 52.985
136 53.474
138 54.884
140 55.2
142 56.466
144 57.203
146 58.305
148 58.773
150 60.274
152 60.771
154 62.106
156 62.607
158 63.037
160 96.213
162 84.563
164 66.282
166 67.291
168 67.794
170 68.933
172 69.763
174 70.992
176 71.848
178 72.403
180 73.544
182 74.567
184 75.229
186 76.529
188 77.117
190 78.375
192 79.508
194 80.57
196 81.353
198 82.237
200 83.214
202 84.251
204 85.161
206 85.981
208 87.24
210 87.934
212 88.79
214 89.852
216 91.058
218 91.659
220 92.611
222 93.351
224 94.807
226 95.993
228 96.438
230 97.67
232 98.208
234 99.638
236 100.129
238 130.766
240 120.859
242 103.659
244 103.693
246 105.128
248 106.302
250 107.21
252 107.379
254 108.475
256 110.434
