2 1.079
4 1.202
6 1.433
8 1.952
10 2.576
12 3.178
14 3.75
16 4.369
18 5.046
20 5.718
22 7.368
24 8.338
26 9.147
28 8.367
30 9.157
32 9.665
34 27.397
36 10.446
38 11.088
40 48.769
42 33.682
44 14.172
46 14.903
48 14.997
50 15.167
52 40.524
54 16.768
56 17.578
58 19.201
60 36.699
62 19.127
64 19.795
66 19.569
68 21.511
70 21.609
72 21.37
74 44.42
76 24.999
78 28.012
80 65.393
82 30.131
84 29.161
86 32.082
88 32.222
90 29.595
92 30.24
94 49.175
96 31.424
98 32.206
100 32.159
102 32.977
104 34.354
106 34.358
108 33.431
110 35.264
112 34.844
114 36.367
116 37.922
118 36.844
120 37.452
122 38.873
124 41.596
126 41.713
128 43.179
130 42.908
132 44.37
134 66.922
136 66.129
138 45.467
140 47.686
142 46.269
144 47.533
146 49.926
148 48.517
150 49.749
152 52.288
154 53.4
156 51.099
158 54.406
160 55.523
162 55.89
164 56.011
166 55.922
168 58.236
170 55.993
172 56.814
174 58.632
176 59.886
178 62.624
180 60.247
182 63.279
184 94.271
186 82.385
188 63.91
190 66.834
192 67.281
194 68.163
196 68.271
198 68.159
200 69.834
202 71.877
204 71.522
206 71.621
208 73.863
210 73.736
212 73.422
214 73.969
216 75.833
218 76.444
220 75.7
222 76.04
224 77.136
226 77.933
228 77.11
230 81.701
232 82.922
234 81.51
236 126.36
238 84.677
240 85.014
242 84.641
244 88.039
246 86.712
248 90.009
250 85.179
252 89.386
254 89.123
256 90.172
