2 1.108
4 2.054
6 1.918
8 3.013
10 4.506
12 5.509
14 6.536
16 6.455
18 7.354
20 8.304
22 9.481
24 10.549
26 11.655
28 12.549
30 13.791
32 15.003
34 15.981
36 16.908
38 20.735
40 19.884
42 20.21
44 21.671
46 26.355
48 23.927
50 24.38
52 29.675
54 27.102
56 27.339
58 28.532
60 29.663
62 30.824
64 32.014
66 33.033
68 34.288
70 35.567
72 36.978
74 37.936
76 39.464
78 40.729
80 44.428
82 46.41
84 50.288
86 49.352
88 51.248
90 50.143
92 49.563
94 50.341
96 51.801
98 52.828
100 54.306
102 55.453
104 56.498
106 63.765
108 63.088
110 64.335
112 66.965
114 66.84
116 68.312
118 69.663
120 70.77
122 69.086
124 71.045
126 74.895
128 76.58
130 79.49
132 81.047
134 80.565
136 83.066
138 83.684
140 84.416
142 86.581
144 142.167
146 89.731
148 87.02
150 94.411
152 95.828
154 97.1
156 97.662
158 109.935
160 101.332
162 103.166
164 101.398
166 102.922
168 102.144
170 99.414
172 100.892
174 102.531
176 107.287
178 105.116
180 106.189
182 107.417
184 108.723
186 110.37
188 118.321
190 115.965
192 114.181
194 115.876
196 117.74
198 119.388
200 119.561
202 121.194
204 125.337
206 124.064
208 125.383
210 126.706
212 136.161
214 134.45
216 137.535
218 140.089
220 136.061
222 134.921
224 136.091
226 137.82
228 139.355
230 149.146
232 147.116
234 148.586
236 144.432
238 150.672
240 147.288
242 157.93
244 157.068
246 152.276
248 162.128
250 154.319
252 155.424
254 158.153
256 158.292
