2 1.659
4 1.007
6 1.243
8 1.686
10 2.108
12 2.667
14 3.138
16 3.671
18 4.263
20 4.799
22 5.446
24 6.08
26 6.622
28 7.166
30 7.759
32 8.444
34 9.155
36 9.787
38 10.559
40 11.199
42 11.915
44 12.702
46 13.358
48 14.064
50 14.701
52 15.549
54 16.189
56 16.957
58 17.55
60 18.286
62 18.946
64 19.733
66 20.563
68 21.438
70 22.266
72 23.053
74 23.784
76 24.645
78 25.493
80 26.218
82 27.044
84 27.741
86 28.534
88 29.449
90 30.212
92 30.968
94 31.662
96 32.566
98 39.686
100 34.146
102 39.035
104 36.835
106 38.143
108 38.312
110 38.102
112 38.894
114 39.685
116 40.435
118 41.221
120 42.145
122 42.956
124 43.697
126 45.469
128 45.407
130 46.157
132 47.158
134 49.003
136 49.248
138 49.723
140 47.147
142 49.69
144 57.695
146 55.666
148 54.767
150 57.938
152 55.796
154 56.777
156 57.753
158 58.684
160 59.521
162 60.207
164 61.189
166 62.042
168 62.965
170 63.885
172 64.691
174 65.669
176 66.504
178 67.548
180 68.138
182 69.2
184 68.361
186 66.191
188 66.952
190 67.729
192 68.502
194 69.498
196 70.305
198 71.083
200 76.915
202 78.02
204 78.797
206 78.081
208 75.193
210 76.045
212 77.019
214 77.707
216 78.449
218 79.449
220 80.274
222 81.113
224 81.873
226 84.206
228 83.391
230 84.433
232 85.121
234 85.96
236 86.676
238 87.701
240 94.484
242 95.709
244 96.176
246 90.853
248 92.41
250 99.072
252 100.438
254 101.089
256 102.069
