2 22.452
4 1.015
6 1.713
8 2.207
10 2.991
12 3.658
14 4.162
16 5.526
18 7.18
20 6.172
22 6.896
24 7.226
26 8.257
28 9.084
30 9.425
32 9.532
34 10.889
36 11.343
38 15.841
40 13.358
42 15.811
44 16.564
46 15.277
48 15.438
50 16.29
52 17.019
54 17.927
56 18.19
58 18.917
60 19.497
62 19.725
64 20.115
66 21.32
68 22.001
70 46.12
72 47.505
74 24.994
76 68.551
78 26.038
80 27.112
82 28.232
84 28.383
86 29.262
88 47.496
90 28.64
92 28.916
94 29.229
96 30.45
98 30.851
100 31.508
102 32.176
104 33.075
106 33.85
108 34.283
110 35.01
112 58.363
114 38.79
116 54.533
118 36.394
120 37.197
122 37.975
124 38.1
126 38.981
128 38.755
130 40.149
132 41.321
134 42.02
136 66.441
138 50.93
140 64.32
142 45.125
144 46.039
146 46.814
148 47.916
150 48.074
152 48.896
154 50.482
156 50.445
158 51.257
160 52.001
162 52.707
164 53.226
166 54.263
168 55.024
170 55.169
172 56.484
174 57.311
176 57.146
178 57.704
180 58.408
182 59.703
184 60.083
186 61.143
188 61.935
190 94.305
192 81.813
194 63.238
196 63.939
198 64.999
200 66.105
202 66.775
204 67.469
206 68.247
208 68.944
210 69.275
212 69.903
214 70.565
216 70.918
218 72.128
220 71.582
222 72.117
224 73.92
226 73.387
228 74.395
230 75.677
232 76.157
234 75.792
236 76.854
238 77.581
240 78.173
242 78.86
244 79.448
246 79.276
248 79.75
250 79.877
252 81.132
254 81.982
256 82.162
