2 1.405
4 1.612
6 2.626
8 3.556
10 4.309
12 5.568
14 6.666
16 7.633
18 8.417
20 11.931
22 14.941
24 12.156
26 13.93
28 17.973
30 15.722
32 17.001
34 17.375
36 23.558
38 20.413
40 21.032
42 22.699
44 44.304
46 27.617
48 28.902
50 29.891
52 32.436
54 33.429
56 34.157
58 35.698
60 43.186
62 42.399
64 40.178
66 38.213
68 39.69
70 40.538
72 42.178
74 43.675
76 44.391
78 46.386
80 47.071
82 48.894
84 49.982
86 51.819
88 52.999
90 53.75
92 54.751
94 56.716
96 57.465
98 58.464
100 72.099
102 65.074
104 73.726
106 65.426
108 66.229
110 68.155
112 68.185
114 70.7
116 71.383
118 78.865
120 81.732
122 85.543
124 77.598
126 78.383
128 81.115
130 83.265
132 84.541
134 85.497
136 87.169
138 87.865
140 88.521
142 90.265
144 92.967
146 94.449
148 95.327
150 96.819
152 97.012
154 98.661
156 101.13
158 102.036
160 103.211
162 105.092
164 106.61
166 108.089
168 109.875
170 109.581
172 112.565
174 111.646
176 116.091
178 116.895
180 117.338
182 119.34
184 119.936
186 120.32
188 122.763
190 123.142
192 124.671
194 126.803
196 128.686
198 131.067
200 131.604
202 133.926
204 134.263
206 136.956
208 140.03
210 141.275
212 142.195
214 143.824
216 143.805
218 144.437
220 147.051
222 148.749
224 148.946
226 150.781
228 151.02
230 155.558
232 155.366
234 155.665
236 160.17
238 160.286
240 164.823
242 167.082
244 165.074
246 166.176
248 168.232
250 198.46
252 171.648
254 172.071
256 174.318
