2 5.403
4 1.492
6 2.106
8 3.031
10 3.673
12 4.512
14 5.47
16 6.45
18 6.818
20 7.822
22 8.618
24 10.006
26 10.326
28 11.618
30 12.165
32 13.561
34 13.904
36 17.73
38 20.603
40 16.772
42 17.246
44 21.806
46 19.685
48 19.976
50 25.788
52 22.055
54 22.871
56 23.717
58 24.596
60 25.936
62 26.808
64 27.72
66 28.38
68 29.572
70 30.004
72 30.948
74 31.663
76 32.914
78 33.559
80 43.86
82 42.578
84 41.097
86 37.169
88 48.058
90 39.276
92 45.459
94 41.102
96 41.897
98 43.018
100 44.43
102 45.419
104 46.321
106 47.247
108 47.915
110 48.725
112 49.973
114 50.909
116 51.584
118 52.816
120 54.129
122 54.823
124 55.497
126 56.979
128 58.247
130 59.303
132 59.737
134 61.198
136 61.902
138 62.39
140 63.783
142 64.264
144 65.5
146 66.01
148 66.947
150 67.303
152 79.522
154 69.831
156 71.162
158 71.272
160 72.114
162 73.762
164 74.615
166 74.944
168 76.401
170 77.658
172 78.877
174 79.543
176 82.717
178 81.774
180 82.681
182 83.431
184 84.763
186 85.543
188 86.418
190 87.342
192 88.822
194 89.952
196 92.484
198 91.523
200 92.893
202 94.217
204 94.404
206 95.523
208 97.106
210 98.079
212 99.192
214 100.116
216 102.404
218 102.306
220 103.348
222 107.176
224 105.172
226 105.943
228 107.044
230 107.692
232 111.063
234 109.559
236 110.925
238 112.387
240 113.072
242 113.754
244 114.897
246 116.349
248 117
250 118.039
252 121.354
254 120.845
256 122.676
