2 0.676
4 1.048
6 18.526
8 1.723
10 1.796
12 27.206
14 3.668
16 4.509
18 5.44
20 5.777
22 5.443
24 5.817
26 6.426
28 24.911
30 8.324
32 9.596
34 7.992
36 9.55
38 9.578
40 9.808
42 10.208
44 12.558
46 11.026
48 13.166
50 54.432
52 36.303
54 31.624
56 59.098
58 56.748
60 20.163
62 17.057
64 20.522
66 39.17
68 20.061
70 58.113
72 23.72
74 26.036
76 25.45
78 24.889
80 27.434
82 25.931
84 27.475
86 28.74
88 35.104
90 29.978
92 31.494
94 30.643
96 37.153
98 31.713
100 35.932
102 41.029
104 65.152
106 35.817
108 35.577
110 59.109
112 55.846
114 62.013
116 54.174
118 62.721
120 60.105
122 39.405
124 41.211
126 44.096
128 39.915
130 43.443
132 46.186
134 48.091
136 46.524
138 47.692
140 47.35
142 60.58
144 51.76
146 49.376
148 55.092
150 51.172
152 50.833
154 61.039
156 56.064
158 58.29
160 57.341
162 61.551
164 59.868
166 61.206
168 62.044
170 62.305
172 57.914
174 64.175
176 65.187
178 69.183
180 61.508
182 67.523
184 68.228
186 64.684
188 64.38
190 71.118
192 70.56
194 69.763
196 74.902
198 72.927
200 67.344
202 68.394
204 79.454
206 80.702
208 75.048
210 79.852
212 112.685
214 95.283
216 85.096
218 79.053
220 81.152
222 81.798
224 84.117
226 91.768
228 89.476
230 85.075
232 92.593
234 85.333
236 89.958
238 87.662
240 91.483
242 99.657
244 90.033
246 92.254
248 94.09
250 91.741
252 91.064
254 102.451
256 102.152
