2 1.269
4 0.985
6 1.421
8 1.994
10 2.791
12 3.35
14 3.785
16 4.469
18 5.396
20 6.123
22 7.067
24 7.76
26 8.272
28 8.732
30 9.4
32 10.049
34 11.036
36 11.951
38 12.994
40 13.867
42 14.943
44 15.793
46 16.843
48 17.77
50 18.309
52 18.79
54 19.379
56 20.103
58 20.902
60 21.515
62 22.146
64 23.181
66 24.261
68 25.124
70 26.204
72 27.183
74 28.457
76 29.308
78 30.479
80 42.872
82 32.732
84 33.698
86 34.86
88 36.049
90 37.064
92 38.099
94 39.251
96 40.558
98 41.077
100 41.746
102 42.356
104 43.089
106 43.773
108 44.48
110 45.318
112 46.159
114 46.976
116 47.596
118 48.332
120 49.222
122 50.034
124 50.699
126 51.732
128 52.937
130 54.12
132 54.739
134 56.252
136 57.557
138 58.599
140 59.677
142 60.802
144 62.114
146 63.406
148 64.038
150 65.179
152 66.494
154 67.725
156 69.06
158 70.582
160 71.748
162 72.82
164 73.591
166 74.915
168 76.225
170 77.269
172 78.737
174 80.022
176 81.226
178 82.232
180 83.443
182 84.712
184 85.942
186 87.019
188 88.482
190 90.108
192 91.376
194 91.797
196 103.109
198 89.332
200 90.163
202 90.793
204 91.703
206 92.625
208 93.44
210 94.106
212 94.905
214 95.536
216 96.332
218 97.35
220 98.256
222 98.965
224 99.922
226 100.609
228 101.154
230 101.785
232 102.722
234 103.813
236 104.726
238 105.675
240 106.551
242 107.108
244 108.107
246 108.808
248 109.576
250 110.606
252 111.915
254 145.872
256 114.231
