2 1.242
4 0.818
6 1.219
8 1.633
10 2.166
12 2.159
14 2.405
16 2.757
18 3.362
20 3.858
22 4.387
24 4.864
26 5.125
28 5.504
30 5.843
32 6.36
34 6.971
36 7.532
38 8.166
40 8.808
42 9.458
44 10.003
46 10.686
48 11.196
50 11.618
52 12.022
54 12.391
56 12.794
58 13.259
60 13.589
62 14.044
64 14.655
66 15.38
68 16
70 16.694
72 17.436
74 18.047
76 18.63
78 19.324
80 20.131
82 20.834
84 21.424
86 22.131
88 22.868
90 23.613
92 24.221
94 25.113
96 25.711
98 26.277
100 26.66
102 27.064
104 27.562
106 27.892
108 28.409
110 28.897
112 29.422
114 29.721
116 30.198
118 30.803
120 31.389
122 31.819
124 32.346
126 32.974
128 33.803
130 34.529
132 35.161
134 35.854
136 36.425
138 37.309
140 38.082
142 38.762
144 39.698
146 40.425
148 41.051
150 41.799
152 42.642
154 43.281
156 44.195
158 44.945
160 45.726
162 46.483
164 47.079
166 47.889
168 48.604
170 49.435
172 50.238
174 51.029
176 51.78
178 52.663
180 53.343
182 54.055
184 54.906
186 55.628
188 56.603
190 57.513
192 65.552
194 58.887
196 59.22
198 71.093
200 52.565
202 53.044
204 53.487
206 54.022
208 54.631
210 54.893
212 55.256
214 55.677
216 56.29
218 56.692
220 57.239
222 57.589
224 58.403
226 58.513
228 59.022
230 59.374
232 59.983
234 60.378
236 60.98
238 61.559
240 62.232
242 62.554
244 63.025
246 63.508
248 64.057
250 64.584
252 65.214
254 65.892
256 66.627
